9 1
        10 1
        13 1
        32 1
        33 2
        34 3
        38 4
        39 5
        40 6
        41 7
        43 8
        44 9
        45 10
        46 11
        47 12
        48 13
        49 14
        50 14
        51 14
        52 14
        53 14
        54 14
        55 14
        56 14
        57 14
        58 15
        59 16
        60 17
        61 18
        62 19
        65 20
        66 20
        67 20
        68 20
        69 20
        70 20
        71 20
        72 20
        73 20
        74 20
        75 20
        76 20
        77 20
        78 20
        79 20
        80 20
        81 20
        82 20
        83 20
        84 20
        85 20
        86 20
        87 20
        88 20
        89 20
        90 20
        91 21
        93 22
        94 23
        95 20
        97 24
        98 25
        99 26
        100 27
        101 28
        102 29
        103 20
        104 20
        105 30
        106 20
        107 20
        108 20
        109 31
        110 20
        111 32
        112 20
        113 20
        114 33
        115 34
        116 20
        117 20
        118 35
        119 36
        120 20
        121 20
        122 20
        123 37
        124 38
        125 39
        126 40
        9 1
        10 1
        13 1
        32 1
        61 41
        9 3
        32 3
        33 3
        34 42
        35 3
        36 3
        37 3
        38 3
        39 3
        40 3
        41 3
        42 3
        43 3
        44 3
        45 3
        46 3
        47 3
        48 3
        49 3
        50 3
        51 3
        52 3
        53 3
        54 3
        55 3
        56 3
        57 3
        58 3
        59 3
        60 3
        61 3
        62 3
        63 3
        64 3
        65 3
        66 3
        67 3
        68 3
        69 3
        70 3
        71 3
        72 3
        73 3
        74 3
        75 3
        76 3
        77 3
        78 3
        79 3
        80 3
        81 3
        82 3
        83 3
        84 3
        85 3
        86 3
        87 3
        88 3
        89 3
        90 3
        91 3
        92 3
        93 3
        94 3
        95 3
        96 3
        97 3
        98 3
        99 3
        100 3
        101 3
        102 3
        103 3
        104 3
        105 3
        106 3
        107 3
        108 3
        109 3
        110 3
        111 3
        112 3
        113 3
        114 3
        115 3
        116 3
        117 3
        118 3
        119 3
        120 3
        121 3
        122 3
        123 3
        124 3
        125 3
        126 3
        161 3
        162 3
        163 3
        164 3
        165 3
        166 3
        167 3
        168 3
        169 3
        170 3
        171 3
        172 3
        173 3
        174 3
        175 3
        176 3
        177 3
        178 3
        179 3
        180 3
        181 3
        182 3
        183 3
        184 3
        185 3
        186 3
        187 3
        188 3
        189 3
        190 3
        191 3
        192 3
        193 3
        194 3
        195 3
        196 3
        197 3
        198 3
        199 3
        200 3
        201 3
        202 3
        203 3
        204 3
        205 3
        206 3
        207 3
        208 3
        209 3
        210 3
        211 3
        212 3
        213 3
        214 3
        215 3
        216 3
        217 3
        218 3
        219 3
        220 3
        221 3
        222 3
        223 3
        224 3
        225 3
        226 3
        227 3
        228 3
        229 3
        230 3
        231 3
        232 3
        233 3
        234 3
        235 3
        236 3
        237 3
        238 3
        239 3
        240 3
        241 3
        242 3
        243 3
        244 3
        245 3
        246 3
        247 3
        248 3
        249 3
        250 3
        251 3
        252 3
        253 3
        254 3
        255 3
        9 43
        32 43
        33 43
        34 43
        35 43
        36 43
        37 43
        38 43
        39 43
        40 43
        41 43
        42 43
        43 43
        44 43
        45 43
        46 43
        47 43
        48 43
        49 43
        50 43
        51 43
        52 43
        53 43
        54 43
        55 43
        56 43
        57 43
        58 43
        59 43
        60 43
        61 43
        62 43
        63 43
        64 43
        65 43
        66 43
        67 43
        68 43
        69 43
        70 43
        71 43
        72 43
        73 43
        74 43
        75 43
        76 43
        77 43
        78 43
        79 43
        80 43
        81 43
        82 43
        83 43
        84 43
        85 43
        86 43
        87 43
        88 43
        89 43
        90 43
        91 43
        92 43
        93 43
        94 43
        95 43
        96 43
        97 43
        98 43
        99 43
        100 43
        101 43
        102 43
        103 43
        104 43
        105 43
        106 43
        107 43
        108 43
        109 43
        110 43
        111 43
        112 43
        113 43
        114 43
        115 43
        116 43
        117 43
        118 43
        119 43
        120 43
        121 43
        122 43
        123 43
        124 43
        125 43
        126 43
        161 43
        162 43
        163 43
        164 43
        165 43
        166 43
        167 43
        168 43
        169 43
        170 43
        171 43
        172 43
        173 43
        174 43
        175 43
        176 43
        177 43
        178 43
        179 43
        180 43
        181 43
        182 43
        183 43
        184 43
        185 43
        186 43
        187 43
        188 43
        189 43
        190 43
        191 43
        192 43
        193 43
        194 43
        195 43
        196 43
        197 43
        198 43
        199 43
        200 43
        201 43
        202 43
        203 43
        204 43
        205 43
        206 43
        207 43
        208 43
        209 43
        210 43
        211 43
        212 43
        213 43
        214 43
        215 43
        216 43
        217 43
        218 43
        219 43
        220 43
        221 43
        222 43
        223 43
        224 43
        225 43
        226 43
        227 43
        228 43
        229 43
        230 43
        231 43
        232 43
        233 43
        234 43
        235 43
        236 43
        237 43
        238 43
        239 43
        240 43
        241 43
        242 43
        243 43
        244 43
        245 43
        246 43
        247 43
        248 43
        249 43
        250 43
        251 43
        252 43
        253 43
        254 43
        255 43
        48 44
        49 44
        50 44
        51 44
        52 44
        53 44
        54 44
        55 44
        56 44
        57 44
        42 45
        47 46
        46 47
        48 14
        49 14
        50 14
        51 14
        52 14
        53 14
        54 14
        55 14
        56 14
        57 14
        98 48
        120 49
        46 47
        48 14
        49 14
        50 14
        51 14
        52 14
        53 14
        54 14
        55 14
        56 14
        57 14
        60 50
        61 51
        61 52
        61 53
        62 54
        48 55
        49 55
        50 55
        51 55
        52 55
        53 55
        54 55
        55 55
        56 55
        57 55
        65 20
        66 20
        67 20
        68 20
        69 20
        70 20
        71 20
        72 20
        73 20
        74 20
        75 20
        76 20
        77 20
        78 20
        79 20
        80 20
        81 20
        82 20
        83 20
        84 20
        85 20
        86 20
        87 20
        88 20
        89 20
        90 20
        95 20
        97 20
        98 20
        99 20
        100 20
        101 20
        102 20
        103 20
        104 20
        105 20
        106 20
        107 20
        108 20
        109 20
        110 20
        111 20
        112 20
        113 20
        114 20
        115 20
        116 20
        117 20
        118 20
        119 20
        120 20
        121 20
        122 20
        48 55
        49 55
        50 55
        51 55
        52 55
        53 55
        54 55
        55 55
        56 55
        57 55
        65 20
        66 20
        67 20
        68 20
        69 20
        70 20
        71 20
        72 20
        73 20
        74 20
        75 20
        76 20
        77 20
        78 20
        79 20
        80 20
        81 20
        82 20
        83 20
        84 20
        85 20
        86 20
        87 20
        88 20
        89 20
        90 20
        95 20
        97 20
        98 20
        99 20
        100 20
        101 20
        102 20
        103 20
        104 20
        105 20
        106 20
        107 20
        108 20
        109 20
        110 56
        111 20
        112 20
        113 20
        114 20
        115 20
        116 20
        117 20
        118 20
        119 20
        120 20
        121 20
        122 20
        48 55
        49 55
        50 55
        51 55
        52 55
        53 55
        54 55
        55 55
        56 55
        57 55
        65 20
        66 20
        67 20
        68 20
        69 20
        70 20
        71 20
        72 20
        73 20
        74 20
        75 20
        76 20
        77 20
        78 20
        79 20
        80 20
        81 20
        82 20
        83 20
        84 20
        85 20
        86 20
        87 20
        88 20
        89 20
        90 20
        95 20
        97 20
        98 20
        99 20
        100 20
        101 20
        102 20
        103 20
        104 20
        105 20
        106 20
        107 20
        108 20
        109 20
        110 20
        111 57
        112 20
        113 20
        114 20
        115 20
        116 20
        117 20
        118 20
        119 20
        120 20
        121 20
        122 20
        48 55
        49 55
        50 55
        51 55
        52 55
        53 55
        54 55
        55 55
        56 55
        57 55
        65 20
        66 20
        67 20
        68 20
        69 20
        70 20
        71 20
        72 20
        73 20
        74 20
        75 20
        76 20
        77 20
        78 20
        79 20
        80 20
        81 20
        82 20
        83 20
        84 20
        85 20
        86 20
        87 20
        88 20
        89 20
        90 20
        95 20
        97 20
        98 20
        99 20
        100 20
        101 20
        102 20
        103 20
        104 58
        105 20
        106 20
        107 20
        108 20
        109 20
        110 20
        111 20
        112 20
        113 20
        114 20
        115 20
        116 20
        117 20
        118 20
        119 20
        120 20
        121 20
        122 20
        48 55
        49 55
        50 55
        51 55
        52 55
        53 55
        54 55
        55 55
        56 55
        57 55
        65 20
        66 20
        67 20
        68 20
        69 20
        70 20
        71 20
        72 20
        73 20
        74 20
        75 20
        76 20
        77 20
        78 20
        79 20
        80 20
        81 20
        82 20
        83 20
        84 20
        85 20
        86 20
        87 20
        88 20
        89 20
        90 20
        95 20
        97 20
        98 20
        99 20
        100 20
        101 20
        102 20
        103 20
        104 20
        105 20
        106 20
        107 20
        108 20
        109 20
        110 20
        111 59
        112 20
        113 20
        114 20
        115 20
        116 20
        117 20
        118 20
        119 20
        120 20
        121 20
        122 20
        48 55
        49 55
        50 55
        51 55
        52 55
        53 55
        54 55
        55 55
        56 55
        57 55
        65 20
        66 20
        67 20
        68 20
        69 20
        70 20
        71 20
        72 20
        73 20
        74 20
        75 20
        76 20
        77 20
        78 20
        79 20
        80 20
        81 20
        82 20
        83 20
        84 20
        85 20
        86 20
        87 20
        88 20
        89 20
        90 20
        95 20
        97 20
        98 20
        99 20
        100 20
        101 20
        102 20
        103 20
        104 20
        105 20
        106 20
        107 20
        108 60
        109 20
        110 20
        111 20
        112 20
        113 20
        114 20
        115 20
        116 20
        117 20
        118 20
        119 20
        120 20
        121 20
        122 20
        48 55
        49 55
        50 55
        51 55
        52 55
        53 55
        54 55
        55 55
        56 55
        57 55
        65 20
        66 20
        67 20
        68 20
        69 20
        70 20
        71 20
        72 20
        73 20
        74 20
        75 20
        76 20
        77 20
        78 20
        79 20
        80 20
        81 20
        82 20
        83 20
        84 20
        85 20
        86 20
        87 20
        88 20
        89 20
        90 20
        95 20
        97 20
        98 20
        99 20
        100 20
        101 20
        102 20
        103 20
        104 20
        105 20
        106 20
        107 20
        108 61
        109 20
        110 20
        111 62
        112 20
        113 20
        114 20
        115 20
        116 20
        117 20
        118 20
        119 20
        120 20
        121 20
        122 20
        48 55
        49 55
        50 55
        51 55
        52 55
        53 55
        54 55
        55 55
        56 55
        57 55
        65 20
        66 20
        67 20
        68 20
        69 20
        70 20
        71 20
        72 20
        73 20
        74 20
        75 20
        76 20
        77 20
        78 20
        79 20
        80 20
        81 20
        82 20
        83 20
        84 20
        85 20
        86 20
        87 20
        88 20
        89 20
        90 20
        95 20
        97 20
        98 20
        99 20
        100 20
        101 20
        102 63
        103 20
        104 20
        105 20
        106 20
        107 20
        108 20
        109 20
        110 64
        111 20
        112 20
        113 20
        114 20
        115 20
        116 20
        117 20
        118 20
        119 20
        120 20
        121 20
        122 20
        48 55
        49 55
        50 55
        51 55
        52 55
        53 55
        54 55
        55 55
        56 55
        57 55
        65 20
        66 20
        67 20
        68 20
        69 20
        70 20
        71 20
        72 20
        73 20
        74 20
        75 20
        76 20
        77 20
        78 20
        79 20
        80 20
        81 20
        82 20
        83 20
        84 20
        85 20
        86 20
        87 20
        88 20
        89 20
        90 20
        95 20
        97 65
        98 20
        99 20
        100 20
        101 20
        102 20
        103 20
        104 20
        105 20
        106 20
        107 20
        108 20
        109 20
        110 20
        111 20
        112 20
        113 20
        114 20
        115 20
        116 20
        117 20
        118 20
        119 20
        120 20
        121 20
        122 20
        48 55
        49 55
        50 55
        51 55
        52 55
        53 55
        54 55
        55 55
        56 55
        57 55
        65 20
        66 20
        67 20
        68 20
        69 20
        70 20
        71 20
        72 20
        73 20
        74 20
        75 20
        76 20
        77 20
        78 20
        79 20
        80 20
        81 20
        82 20
        83 20
        84 20
        85 20
        86 20
        87 20
        88 20
        89 20
        90 20
        95 20
        97 20
        98 20
        99 20
        100 20
        101 20
        102 20
        103 20
        104 20
        105 20
        106 20
        107 20
        108 20
        109 20
        110 20
        111 20
        112 20
        113 20
        114 66
        115 20
        116 20
        117 20
        118 20
        119 20
        120 20
        121 20
        122 20
        48 55
        49 55
        50 55
        51 55
        52 55
        53 55
        54 55
        55 55
        56 55
        57 55
        65 20
        66 20
        67 20
        68 20
        69 20
        70 20
        71 20
        72 20
        73 20
        74 20
        75 20
        76 20
        77 20
        78 20
        79 20
        80 20
        81 20
        82 20
        83 20
        84 20
        85 20
        86 20
        87 20
        88 20
        89 20
        90 20
        95 20
        97 20
        98 20
        99 20
        100 20
        101 67
        102 20
        103 20
        104 20
        105 20
        106 20
        107 20
        108 20
        109 20
        110 20
        111 20
        112 20
        113 20
        114 20
        115 20
        116 20
        117 20
        118 20
        119 20
        120 20
        121 20
        122 20
        48 55
        49 55
        50 55
        51 55
        52 55
        53 55
        54 55
        55 55
        56 55
        57 55
        65 20
        66 20
        67 20
        68 20
        69 20
        70 20
        71 20
        72 20
        73 20
        74 20
        75 20
        76 20
        77 20
        78 20
        79 20
        80 20
        81 20
        82 20
        83 20
        84 20
        85 20
        86 20
        87 20
        88 20
        89 20
        90 20
        95 20
        97 20
        98 20
        99 20
        100 20
        101 20
        102 20
        103 20
        104 20
        105 20
        106 20
        107 20
        108 20
        109 20
        110 20
        111 20
        112 20
        113 20
        114 20
        115 20
        116 68
        117 20
        118 20
        119 20
        120 20
        121 20
        122 20
        48 55
        49 55
        50 55
        51 55
        52 55
        53 55
        54 55
        55 55
        56 55
        57 55
        65 20
        66 20
        67 20
        68 20
        69 20
        70 20
        71 20
        72 20
        73 20
        74 20
        75 20
        76 20
        77 20
        78 20
        79 20
        80 20
        81 20
        82 20
        83 20
        84 20
        85 20
        86 20
        87 20
        88 20
        89 20
        90 20
        95 20
        97 20
        98 20
        99 20
        100 20
        101 20
        102 20
        103 20
        104 20
        105 20
        106 20
        107 20
        108 20
        109 20
        110 20
        111 69
        112 20
        113 20
        114 20
        115 20
        116 20
        117 20
        118 20
        119 20
        120 20
        121 20
        122 20
        48 55
        49 55
        50 55
        51 55
        52 55
        53 55
        54 55
        55 55
        56 55
        57 55
        65 20
        66 20
        67 20
        68 20
        69 20
        70 20
        71 20
        72 20
        73 20
        74 20
        75 20
        76 20
        77 20
        78 20
        79 20
        80 20
        81 20
        82 20
        83 20
        84 20
        85 20
        86 20
        87 20
        88 20
        89 20
        90 20
        95 20
        97 20
        98 20
        99 20
        100 20
        101 20
        102 20
        103 20
        104 70
        105 20
        106 20
        107 20
        108 20
        109 20
        110 20
        111 20
        112 20
        113 20
        114 71
        115 20
        116 20
        117 20
        118 20
        119 20
        120 20
        121 20
        122 20
        9 3
        32 3
        33 3
        34 42
        35 3
        36 3
        37 3
        38 3
        39 3
        40 3
        41 3
        42 3
        43 3
        44 3
        45 3
        46 3
        47 3
        48 3
        49 3
        50 3
        51 3
        52 3
        53 3
        54 3
        55 3
        56 3
        57 3
        58 3
        59 3
        60 3
        61 3
        62 3
        63 3
        64 3
        65 3
        66 3
        67 3
        68 3
        69 3
        70 3
        71 3
        72 3
        73 3
        74 3
        75 3
        76 3
        77 3
        78 3
        79 3
        80 3
        81 3
        82 3
        83 3
        84 3
        85 3
        86 3
        87 3
        88 3
        89 3
        90 3
        91 3
        92 3
        93 3
        94 3
        95 3
        96 3
        97 3
        98 3
        99 3
        100 3
        101 3
        102 3
        103 3
        104 3
        105 3
        106 3
        107 3
        108 3
        109 3
        110 3
        111 3
        112 3
        113 3
        114 3
        115 3
        116 3
        117 3
        118 3
        119 3
        120 3
        121 3
        122 3
        123 3
        124 3
        125 3
        126 3
        161 3
        162 3
        163 3
        164 3
        165 3
        166 3
        167 3
        168 3
        169 3
        170 3
        171 3
        172 3
        173 3
        174 3
        175 3
        176 3
        177 3
        178 3
        179 3
        180 3
        181 3
        182 3
        183 3
        184 3
        185 3
        186 3
        187 3
        188 3
        189 3
        190 3
        191 3
        192 3
        193 3
        194 3
        195 3
        196 3
        197 3
        198 3
        199 3
        200 3
        201 3
        202 3
        203 3
        204 3
        205 3
        206 3
        207 3
        208 3
        209 3
        210 3
        211 3
        212 3
        213 3
        214 3
        215 3
        216 3
        217 3
        218 3
        219 3
        220 3
        221 3
        222 3
        223 3
        224 3
        225 3
        226 3
        227 3
        228 3
        229 3
        230 3
        231 3
        232 3
        233 3
        234 3
        235 3
        236 3
        237 3
        238 3
        239 3
        240 3
        241 3
        242 3
        243 3
        244 3
        245 3
        246 3
        247 3
        248 3
        249 3
        250 3
        251 3
        252 3
        253 3
        254 3
        255 3
        39 72
        48 44
        49 44
        50 44
        51 44
        52 44
        53 44
        54 44
        55 44
        56 44
        57 44
        9 45
        10 45
        32 45
        33 45
        34 45
        35 45
        36 45
        37 45
        38 45
        39 45
        40 45
        41 45
        42 73
        43 45
        44 45
        45 45
        46 45
        47 45
        48 45
        49 45
        50 45
        51 45
        52 45
        53 45
        54 45
        55 45
        56 45
        57 45
        58 45
        59 45
        60 45
        61 45
        62 45
        63 45
        64 45
        65 45
        66 45
        67 45
        68 45
        69 45
        70 45
        71 45
        72 45
        73 45
        74 45
        75 45
        76 45
        77 45
        78 45
        79 45
        80 45
        81 45
        82 45
        83 45
        84 45
        85 45
        86 45
        87 45
        88 45
        89 45
        90 45
        91 45
        92 45
        93 45
        94 45
        95 45
        96 45
        97 45
        98 45
        99 45
        100 45
        101 45
        102 45
        103 45
        104 45
        105 45
        106 45
        107 45
        108 45
        109 45
        110 45
        111 45
        112 45
        113 45
        114 45
        115 45
        116 45
        117 45
        118 45
        119 45
        120 45
        121 45
        122 45
        123 45
        124 45
        125 45
        126 45
        9 74
        32 74
        33 74
        34 74
        35 74
        36 74
        37 74
        38 74
        39 74
        40 74
        41 74
        42 74
        43 74
        44 74
        45 74
        46 74
        47 46
        48 74
        49 74
        50 74
        51 74
        52 74
        53 74
        54 74
        55 74
        56 74
        57 74
        58 74
        59 74
        60 74
        61 74
        62 74
        63 74
        64 74
        65 74
        66 74
        67 74
        68 74
        69 74
        70 74
        71 74
        72 74
        73 74
        74 74
        75 74
        76 74
        77 74
        78 74
        79 74
        80 74
        81 74
        82 74
        83 74
        84 74
        85 74
        86 74
        87 74
        88 74
        89 74
        90 74
        91 74
        92 74
        93 74
        94 74
        95 74
        96 74
        97 74
        98 74
        99 74
        100 74
        101 74
        102 74
        103 74
        104 74
        105 74
        106 74
        107 74
        108 74
        109 74
        110 74
        111 74
        112 74
        113 74
        114 74
        115 74
        116 74
        117 74
        118 74
        119 74
        120 74
        121 74
        122 74
        123 74
        124 74
        125 74
        126 74
        161 74
        162 74
        163 74
        164 74
        165 74
        166 74
        167 74
        168 74
        169 74
        170 74
        171 74
        172 74
        173 74
        174 74
        175 74
        176 74
        177 74
        178 74
        179 74
        180 74
        181 74
        182 74
        183 74
        184 74
        185 74
        186 74
        187 74
        188 74
        189 74
        190 74
        191 74
        192 74
        193 74
        194 74
        195 74
        196 74
        197 74
        198 74
        199 74
        200 74
        201 74
        202 74
        203 74
        204 74
        205 74
        206 74
        207 74
        208 74
        209 74
        210 74
        211 74
        212 74
        213 74
        214 74
        215 74
        216 74
        217 74
        218 74
        219 74
        220 74
        221 74
        222 74
        223 74
        224 74
        225 74
        226 74
        227 74
        228 74
        229 74
        230 74
        231 74
        232 74
        233 74
        234 74
        235 74
        236 74
        237 74
        238 74
        239 74
        240 74
        241 74
        242 74
        243 74
        244 74
        245 74
        246 74
        247 74
        248 74
        249 74
        250 74
        251 74
        252 74
        253 74
        254 74
        255 74
        48 44
        49 44
        50 44
        51 44
        52 44
        53 44
        54 44
        55 44
        56 44
        57 44
        48 75
        49 75
        48 76
        49 76
        50 76
        51 76
        52 76
        53 76
        54 76
        55 76
        56 76
        57 76
        97 76
        98 76
        99 76
        100 76
        101 76
        102 76
        48 55
        49 55
        50 55
        51 55
        52 55
        53 55
        54 55
        55 55
        56 55
        57 55
        65 55
        66 55
        67 55
        68 55
        69 55
        70 55
        71 55
        72 55
        73 55
        74 55
        75 55
        76 55
        77 55
        78 55
        79 55
        80 55
        81 55
        82 55
        83 55
        84 55
        85 55
        86 55
        87 55
        88 55
        89 55
        90 55
        95 55
        97 55
        98 55
        99 55
        100 55
        101 55
        102 55
        103 55
        104 55
        105 55
        106 55
        107 55
        108 55
        109 55
        110 55
        111 55
        112 55
        113 55
        114 55
        115 55
        116 55
        117 55
        118 55
        119 55
        120 55
        121 55
        122 55
        48 55
        49 55
        50 55
        51 55
        52 55
        53 55
        54 55
        55 55
        56 55
        57 55
        65 20
        66 20
        67 20
        68 20
        69 20
        70 20
        71 20
        72 20
        73 20
        74 20
        75 20
        76 20
        77 20
        78 20
        79 20
        80 20
        81 20
        82 20
        83 20
        84 20
        85 20
        86 20
        87 20
        88 20
        89 20
        90 20
        95 20
        97 20
        98 20
        99 20
        100 77
        101 20
        102 20
        103 20
        104 20
        105 20
        106 20
        107 20
        108 20
        109 20
        110 20
        111 20
        112 20
        113 20
        114 20
        115 20
        116 20
        117 20
        118 20
        119 20
        120 20
        121 20
        122 20
        48 55
        49 55
        50 55
        51 55
        52 55
        53 55
        54 55
        55 55
        56 55
        57 55
        65 20
        66 20
        67 20
        68 20
        69 20
        70 20
        71 20
        72 20
        73 20
        74 20
        75 20
        76 20
        77 20
        78 20
        79 20
        80 20
        81 20
        82 20
        83 20
        84 20
        85 20
        86 20
        87 20
        88 20
        89 20
        90 20
        95 20
        97 20
        98 20
        99 20
        100 20
        101 20
        102 20
        103 20
        104 20
        105 20
        106 20
        107 20
        108 20
        109 20
        110 20
        111 78
        112 20
        113 20
        114 20
        115 20
        116 20
        117 20
        118 20
        119 20
        120 20
        121 20
        122 20
        48 55
        49 55
        50 55
        51 55
        52 55
        53 55
        54 55
        55 55
        56 55
        57 55
        65 20
        66 20
        67 20
        68 20
        69 20
        70 20
        71 20
        72 20
        73 20
        74 20
        75 20
        76 20
        77 20
        78 20
        79 20
        80 20
        81 20
        82 20
        83 20
        84 20
        85 20
        86 20
        87 20
        88 20
        89 20
        90 20
        95 20
        97 79
        98 20
        99 20
        100 20
        101 20
        102 20
        103 20
        104 20
        105 20
        106 20
        107 20
        108 20
        109 20
        110 20
        111 20
        112 20
        113 20
        114 20
        115 20
        116 20
        117 20
        118 20
        119 20
        120 20
        121 20
        122 20
        48 55
        49 55
        50 55
        51 55
        52 55
        53 55
        54 55
        55 55
        56 55
        57 55
        65 20
        66 20
        67 20
        68 20
        69 20
        70 20
        71 20
        72 20
        73 20
        74 20
        75 20
        76 20
        77 20
        78 20
        79 20
        80 20
        81 20
        82 20
        83 20
        84 20
        85 20
        86 20
        87 20
        88 20
        89 20
        90 20
        95 20
        97 20
        98 20
        99 20
        100 20
        101 20
        102 20
        103 20
        104 20
        105 20
        106 20
        107 20
        108 20
        109 20
        110 20
        111 20
        112 20
        113 20
        114 20
        115 20
        116 20
        117 80
        118 20
        119 20
        120 20
        121 20
        122 20
        48 55
        49 55
        50 55
        51 55
        52 55
        53 55
        54 55
        55 55
        56 55
        57 55
        65 20
        66 20
        67 20
        68 20
        69 20
        70 20
        71 20
        72 20
        73 20
        74 20
        75 20
        76 20
        77 20
        78 20
        79 20
        80 20
        81 20
        82 20
        83 20
        84 20
        85 20
        86 20
        87 20
        88 20
        89 20
        90 20
        95 20
        97 20
        98 20
        99 20
        100 20
        101 20
        102 20
        103 20
        104 20
        105 20
        106 20
        107 20
        108 20
        109 20
        110 20
        111 20
        112 20
        113 20
        114 20
        115 81
        116 20
        117 20
        118 20
        119 20
        120 20
        121 20
        122 20
        48 55
        49 55
        50 55
        51 55
        52 55
        53 55
        54 55
        55 55
        56 55
        57 55
        65 20
        66 20
        67 20
        68 20
        69 20
        70 20
        71 20
        72 20
        73 20
        74 20
        75 20
        76 20
        77 20
        78 20
        79 20
        80 20
        81 20
        82 20
        83 20
        84 20
        85 20
        86 20
        87 20
        88 20
        89 20
        90 20
        95 20
        97 20
        98 20
        99 20
        100 20
        101 20
        102 20
        103 20
        104 20
        105 20
        106 20
        107 20
        108 20
        109 20
        110 20
        111 82
        112 20
        113 20
        114 20
        115 20
        116 20
        117 20
        118 20
        119 20
        120 20
        121 20
        122 20
        48 55
        49 55
        50 55
        51 55
        52 55
        53 55
        54 55
        55 55
        56 55
        57 55
        65 20
        66 20
        67 20
        68 20
        69 20
        70 20
        71 20
        72 20
        73 20
        74 20
        75 20
        76 20
        77 20
        78 20
        79 20
        80 20
        81 20
        82 20
        83 20
        84 20
        85 20
        86 20
        87 20
        88 20
        89 20
        90 20
        95 20
        97 20
        98 20
        99 20
        100 20
        101 20
        102 20
        103 20
        104 20
        105 20
        106 20
        107 20
        108 20
        109 20
        110 20
        111 20
        112 20
        113 20
        114 83
        115 20
        116 20
        117 20
        118 20
        119 20
        120 20
        121 20
        122 20
        48 55
        49 55
        50 55
        51 55
        52 55
        53 55
        54 55
        55 55
        56 55
        57 55
        65 20
        66 20
        67 20
        68 20
        69 20
        70 20
        71 20
        72 20
        73 20
        74 20
        75 20
        76 20
        77 20
        78 20
        79 20
        80 20
        81 20
        82 20
        83 20
        84 20
        85 20
        86 20
        87 20
        88 20
        89 20
        90 20
        95 20
        97 20
        98 20
        99 20
        100 20
        101 20
        102 20
        103 20
        104 20
        105 20
        106 20
        107 20
        108 20
        109 20
        110 20
        111 20
        112 20
        113 20
        114 20
        115 20
        116 20
        117 20
        118 20
        119 20
        120 20
        121 20
        122 20
        48 55
        49 55
        50 55
        51 55
        52 55
        53 55
        54 55
        55 55
        56 55
        57 55
        65 20
        66 20
        67 20
        68 20
        69 20
        70 20
        71 20
        72 20
        73 20
        74 20
        75 20
        76 20
        77 20
        78 20
        79 20
        80 20
        81 20
        82 20
        83 20
        84 20
        85 20
        86 20
        87 20
        88 20
        89 20
        90 20
        95 20
        97 20
        98 20
        99 20
        100 20
        101 20
        102 20
        103 20
        104 20
        105 20
        106 20
        107 20
        108 20
        109 20
        110 20
        111 20
        112 20
        113 20
        114 20
        115 20
        116 84
        117 20
        118 20
        119 20
        120 20
        121 20
        122 20
        48 55
        49 55
        50 55
        51 55
        52 55
        53 55
        54 55
        55 55
        56 55
        57 55
        65 20
        66 20
        67 20
        68 20
        69 20
        70 20
        71 20
        72 20
        73 20
        74 20
        75 20
        76 20
        77 20
        78 20
        79 20
        80 20
        81 20
        82 20
        83 20
        84 20
        85 20
        86 20
        87 20
        88 20
        89 20
        90 20
        95 20
        97 20
        98 20
        99 20
        100 20
        101 20
        102 20
        103 20
        104 20
        105 85
        106 20
        107 20
        108 20
        109 20
        110 20
        111 20
        112 20
        113 20
        114 20
        115 20
        116 20
        117 20
        118 20
        119 20
        120 20
        121 20
        122 20
        48 55
        49 55
        50 55
        51 55
        52 55
        53 55
        54 55
        55 55
        56 55
        57 55
        65 20
        66 20
        67 20
        68 20
        69 20
        70 20
        71 20
        72 20
        73 20
        74 20
        75 20
        76 20
        77 20
        78 20
        79 20
        80 20
        81 20
        82 20
        83 20
        84 20
        85 20
        86 20
        87 20
        88 20
        89 20
        90 20
        95 20
        97 20
        98 20
        99 20
        100 20
        101 20
        102 20
        103 20
        104 20
        105 20
        106 20
        107 20
        108 20
        109 20
        110 20
        111 20
        112 20
        113 20
        114 20
        115 20
        116 20
        117 20
        118 20
        119 20
        120 20
        121 20
        122 20
        48 55
        49 55
        50 55
        51 55
        52 55
        53 55
        54 55
        55 55
        56 55
        57 55
        65 20
        66 20
        67 20
        68 20
        69 20
        70 20
        71 20
        72 20
        73 20
        74 20
        75 20
        76 20
        77 20
        78 20
        79 20
        80 20
        81 20
        82 20
        83 20
        84 20
        85 20
        86 20
        87 20
        88 20
        89 20
        90 20
        95 20
        97 86
        98 20
        99 20
        100 20
        101 20
        102 20
        103 20
        104 20
        105 20
        106 20
        107 20
        108 20
        109 20
        110 20
        111 20
        112 20
        113 20
        114 20
        115 20
        116 20
        117 20
        118 20
        119 20
        120 20
        121 20
        122 20
        48 55
        49 55
        50 55
        51 55
        52 55
        53 55
        54 55
        55 55
        56 55
        57 55
        65 20
        66 20
        67 20
        68 20
        69 20
        70 20
        71 20
        72 20
        73 20
        74 20
        75 20
        76 20
        77 20
        78 20
        79 20
        80 20
        81 20
        82 20
        83 20
        84 20
        85 20
        86 20
        87 20
        88 20
        89 20
        90 20
        95 20
        97 20
        98 20
        99 20
        100 20
        101 20
        102 20
        103 20
        104 20
        105 20
        106 20
        107 20
        108 20
        109 20
        110 20
        111 20
        112 20
        113 20
        114 87
        115 20
        116 20
        117 20
        118 20
        119 20
        120 20
        121 20
        122 20
        48 55
        49 55
        50 55
        51 55
        52 55
        53 55
        54 55
        55 55
        56 55
        57 55
        65 20
        66 20
        67 20
        68 20
        69 20
        70 20
        71 20
        72 20
        73 20
        74 20
        75 20
        76 20
        77 20
        78 20
        79 20
        80 20
        81 20
        82 20
        83 20
        84 20
        85 20
        86 20
        87 20
        88 20
        89 20
        90 20
        95 20
        97 20
        98 20
        99 20
        100 20
        101 20
        102 20
        103 20
        104 20
        105 88
        106 20
        107 20
        108 20
        109 20
        110 20
        111 20
        112 20
        113 20
        114 20
        115 20
        116 20
        117 20
        118 20
        119 20
        120 20
        121 20
        122 20
        48 55
        49 55
        50 55
        51 55
        52 55
        53 55
        54 55
        55 55
        56 55
        57 55
        65 20
        66 20
        67 20
        68 20
        69 20
        70 20
        71 20
        72 20
        73 20
        74 20
        75 20
        76 20
        77 20
        78 20
        79 20
        80 20
        81 20
        82 20
        83 20
        84 20
        85 20
        86 20
        87 20
        88 20
        89 20
        90 20
        95 20
        97 20
        98 20
        99 20
        100 20
        101 20
        102 20
        103 20
        104 20
        105 89
        106 20
        107 20
        108 20
        109 20
        110 20
        111 20
        112 20
        113 20
        114 20
        115 20
        116 20
        117 20
        118 20
        119 20
        120 20
        121 20
        122 20
        48 55
        49 55
        50 55
        51 55
        52 55
        53 55
        54 55
        55 55
        56 55
        57 55
        65 20
        66 20
        67 20
        68 20
        69 20
        70 20
        71 20
        72 20
        73 20
        74 20
        75 20
        76 20
        77 20
        78 20
        79 20
        80 20
        81 20
        82 20
        83 20
        84 20
        85 20
        86 20
        87 20
        88 20
        89 20
        90 20
        95 20
        97 20
        98 20
        99 20
        100 20
        101 20
        102 20
        103 20
        104 20
        105 90
        106 20
        107 20
        108 20
        109 20
        110 20
        111 20
        112 20
        113 20
        114 20
        115 20
        116 20
        117 20
        118 20
        119 20
        120 20
        121 20
        122 20
        9 45
        10 45
        32 45
        33 45
        34 45
        35 45
        36 45
        37 45
        38 45
        39 45
        40 45
        41 45
        42 73
        43 45
        44 45
        45 45
        46 45
        47 91
        48 45
        49 45
        50 45
        51 45
        52 45
        53 45
        54 45
        55 45
        56 45
        57 45
        58 45
        59 45
        60 45
        61 45
        62 45
        63 45
        64 45
        65 45
        66 45
        67 45
        68 45
        69 45
        70 45
        71 45
        72 45
        73 45
        74 45
        75 45
        76 45
        77 45
        78 45
        79 45
        80 45
        81 45
        82 45
        83 45
        84 45
        85 45
        86 45
        87 45
        88 45
        89 45
        90 45
        91 45
        92 45
        93 45
        94 45
        95 45
        96 45
        97 45
        98 45
        99 45
        100 45
        101 45
        102 45
        103 45
        104 45
        105 45
        106 45
        107 45
        108 45
        109 45
        110 45
        111 45
        112 45
        113 45
        114 45
        115 45
        116 45
        117 45
        118 45
        119 45
        120 45
        121 45
        122 45
        123 45
        124 45
        125 45
        126 45
        9 74
        32 74
        33 74
        34 74
        35 74
        36 74
        37 74
        38 74
        39 74
        40 74
        41 74
        42 74
        43 74
        44 74
        45 74
        46 74
        47 74
        48 74
        49 74
        50 74
        51 74
        52 74
        53 74
        54 74
        55 74
        56 74
        57 74
        58 74
        59 74
        60 74
        61 74
        62 74
        63 74
        64 74
        65 74
        66 74
        67 74
        68 74
        69 74
        70 74
        71 74
        72 74
        73 74
        74 74
        75 74
        76 74
        77 74
        78 74
        79 74
        80 74
        81 74
        82 74
        83 74
        84 74
        85 74
        86 74
        87 74
        88 74
        89 74
        90 74
        91 74
        92 74
        93 74
        94 74
        95 74
        96 74
        97 74
        98 74
        99 74
        100 74
        101 74
        102 74
        103 74
        104 74
        105 74
        106 74
        107 74
        108 74
        109 74
        110 74
        111 74
        112 74
        113 74
        114 74
        115 74
        116 74
        117 74
        118 74
        119 74
        120 74
        121 74
        122 74
        123 74
        124 74
        125 74
        126 74
        161 74
        162 74
        163 74
        164 74
        165 74
        166 74
        167 74
        168 74
        169 74
        170 74
        171 74
        172 74
        173 74
        174 74
        175 74
        176 74
        177 74
        178 74
        179 74
        180 74
        181 74
        182 74
        183 74
        184 74
        185 74
        186 74
        187 74
        188 74
        189 74
        190 74
        191 74
        192 74
        193 74
        194 74
        195 74
        196 74
        197 74
        198 74
        199 74
        200 74
        201 74
        202 74
        203 74
        204 74
        205 74
        206 74
        207 74
        208 74
        209 74
        210 74
        211 74
        212 74
        213 74
        214 74
        215 74
        216 74
        217 74
        218 74
        219 74
        220 74
        221 74
        222 74
        223 74
        224 74
        225 74
        226 74
        227 74
        228 74
        229 74
        230 74
        231 74
        232 74
        233 74
        234 74
        235 74
        236 74
        237 74
        238 74
        239 74
        240 74
        241 74
        242 74
        243 74
        244 74
        245 74
        246 74
        247 74
        248 74
        249 74
        250 74
        251 74
        252 74
        253 74
        254 74
        255 74
        48 75
        49 75
        48 76
        49 76
        50 76
        51 76
        52 76
        53 76
        54 76
        55 76
        56 76
        57 76
        97 76
        98 76
        99 76
        100 76
        101 76
        102 76
        48 55
        49 55
        50 55
        51 55
        52 55
        53 55
        54 55
        55 55
        56 55
        57 55
        65 20
        66 20
        67 20
        68 20
        69 20
        70 20
        71 20
        72 20
        73 20
        74 20
        75 20
        76 20
        77 20
        78 20
        79 20
        80 20
        81 20
        82 20
        83 20
        84 20
        85 20
        86 20
        87 20
        88 20
        89 20
        90 20
        95 20
        97 20
        98 20
        99 20
        100 20
        101 20
        102 20
        103 20
        104 20
        105 20
        106 20
        107 20
        108 20
        109 20
        110 20
        111 20
        112 20
        113 20
        114 20
        115 20
        116 20
        117 20
        118 20
        119 20
        120 20
        121 20
        122 20
        48 55
        49 55
        50 55
        51 55
        52 55
        53 55
        54 55
        55 55
        56 55
        57 55
        65 20
        66 20
        67 20
        68 20
        69 20
        70 20
        71 20
        72 20
        73 20
        74 20
        75 20
        76 20
        77 20
        78 20
        79 20
        80 20
        81 20
        82 20
        83 20
        84 20
        85 20
        86 20
        87 20
        88 20
        89 20
        90 20
        95 20
        97 20
        98 20
        99 20
        100 20
        101 20
        102 20
        103 20
        104 20
        105 20
        106 20
        107 20
        108 92
        109 20
        110 20
        111 20
        112 20
        113 20
        114 20
        115 20
        116 20
        117 20
        118 20
        119 20
        120 20
        121 20
        122 20
        48 55
        49 55
        50 55
        51 55
        52 55
        53 55
        54 55
        55 55
        56 55
        57 55
        65 20
        66 20
        67 20
        68 20
        69 20
        70 20
        71 20
        72 20
        73 20
        74 20
        75 20
        76 20
        77 20
        78 20
        79 20
        80 20
        81 20
        82 20
        83 20
        84 20
        85 20
        86 20
        87 20
        88 20
        89 20
        90 20
        95 20
        97 20
        98 20
        99 20
        100 20
        101 20
        102 20
        103 20
        104 20
        105 20
        106 20
        107 20
        108 20
        109 20
        110 20
        111 20
        112 20
        113 20
        114 93
        115 20
        116 20
        117 20
        118 20
        119 20
        120 20
        121 20
        122 20
        48 55
        49 55
        50 55
        51 55
        52 55
        53 55
        54 55
        55 55
        56 55
        57 55
        65 20
        66 20
        67 20
        68 20
        69 20
        70 20
        71 20
        72 20
        73 20
        74 20
        75 20
        76 20
        77 20
        78 20
        79 20
        80 20
        81 20
        82 20
        83 20
        84 20
        85 20
        86 20
        87 20
        88 20
        89 20
        90 20
        95 20
        97 20
        98 94
        99 20
        100 20
        101 20
        102 20
        103 20
        104 20
        105 20
        106 20
        107 20
        108 20
        109 20
        110 20
        111 20
        112 20
        113 20
        114 20
        115 20
        116 20
        117 20
        118 20
        119 20
        120 20
        121 20
        122 20
        48 55
        49 55
        50 55
        51 55
        52 55
        53 55
        54 55
        55 55
        56 55
        57 55
        65 20
        66 20
        67 20
        68 20
        69 20
        70 20
        71 20
        72 20
        73 20
        74 20
        75 20
        76 20
        77 20
        78 20
        79 20
        80 20
        81 20
        82 20
        83 20
        84 20
        85 20
        86 20
        87 20
        88 20
        89 20
        90 20
        95 20
        97 20
        98 20
        99 20
        100 20
        101 95
        102 20
        103 20
        104 20
        105 20
        106 20
        107 20
        108 20
        109 20
        110 20
        111 20
        112 20
        113 20
        114 20
        115 20
        116 20
        117 20
        118 20
        119 20
        120 20
        121 20
        122 20
        48 55
        49 55
        50 55
        51 55
        52 55
        53 55
        54 55
        55 55
        56 55
        57 55
        65 20
        66 20
        67 20
        68 20
        69 20
        70 20
        71 20
        72 20
        73 20
        74 20
        75 20
        76 20
        77 20
        78 20
        79 20
        80 20
        81 20
        82 20
        83 20
        84 20
        85 20
        86 20
        87 20
        88 20
        89 20
        90 20
        95 20
        97 96
        98 20
        99 20
        100 20
        101 20
        102 20
        103 20
        104 20
        105 20
        106 20
        107 20
        108 20
        109 20
        110 20
        111 20
        112 20
        113 20
        114 20
        115 20
        116 20
        117 20
        118 20
        119 20
        120 20
        121 20
        122 20
        48 55
        49 55
        50 55
        51 55
        52 55
        53 55
        54 55
        55 55
        56 55
        57 55
        65 20
        66 20
        67 20
        68 20
        69 20
        70 20
        71 20
        72 20
        73 20
        74 20
        75 20
        76 20
        77 20
        78 20
        79 20
        80 20
        81 20
        82 20
        83 20
        84 20
        85 20
        86 20
        87 20
        88 20
        89 20
        90 20
        95 20
        97 20
        98 20
        99 20
        100 20
        101 20
        102 20
        103 20
        104 20
        105 20
        106 20
        107 20
        108 20
        109 20
        110 20
        111 20
        112 20
        113 20
        114 20
        115 20
        116 20
        117 20
        118 20
        119 20
        120 20
        121 20
        122 20
        48 55
        49 55
        50 55
        51 55
        52 55
        53 55
        54 55
        55 55
        56 55
        57 55
        65 20
        66 20
        67 20
        68 20
        69 20
        70 20
        71 20
        72 20
        73 20
        74 20
        75 20
        76 20
        77 20
        78 20
        79 20
        80 20
        81 20
        82 20
        83 20
        84 20
        85 20
        86 20
        87 20
        88 20
        89 20
        90 20
        95 20
        97 20
        98 20
        99 20
        100 20
        101 20
        102 20
        103 20
        104 20
        105 20
        106 20
        107 20
        108 20
        109 20
        110 20
        111 20
        112 20
        113 20
        114 20
        115 20
        116 20
        117 20
        118 20
        119 20
        120 20
        121 20
        122 20
        48 55
        49 55
        50 55
        51 55
        52 55
        53 55
        54 55
        55 55
        56 55
        57 55
        65 20
        66 20
        67 20
        68 20
        69 20
        70 20
        71 20
        72 20
        73 20
        74 20
        75 20
        76 20
        77 20
        78 20
        79 20
        80 20
        81 20
        82 20
        83 20
        84 20
        85 20
        86 20
        87 20
        88 20
        89 20
        90 20
        95 20
        97 20
        98 20
        99 20
        100 20
        101 20
        102 20
        103 20
        104 20
        105 20
        106 20
        107 20
        108 20
        109 20
        110 97
        111 20
        112 20
        113 20
        114 20
        115 20
        116 20
        117 20
        118 20
        119 20
        120 20
        121 20
        122 20
        48 55
        49 55
        50 55
        51 55
        52 55
        53 55
        54 55
        55 55
        56 55
        57 55
        65 20
        66 20
        67 20
        68 20
        69 20
        70 20
        71 20
        72 20
        73 20
        74 20
        75 20
        76 20
        77 20
        78 20
        79 20
        80 20
        81 20
        82 20
        83 20
        84 20
        85 20
        86 20
        87 20
        88 20
        89 20
        90 20
        95 20
        97 20
        98 20
        99 20
        100 98
        101 20
        102 20
        103 20
        104 20
        105 20
        106 20
        107 20
        108 20
        109 20
        110 20
        111 20
        112 20
        113 20
        114 20
        115 20
        116 20
        117 20
        118 20
        119 20
        120 20
        121 20
        122 20
        48 55
        49 55
        50 55
        51 55
        52 55
        53 55
        54 55
        55 55
        56 55
        57 55
        65 20
        66 20
        67 20
        68 20
        69 20
        70 20
        71 20
        72 20
        73 20
        74 20
        75 20
        76 20
        77 20
        78 20
        79 20
        80 20
        81 20
        82 20
        83 20
        84 20
        85 20
        86 20
        87 20
        88 20
        89 20
        90 20
        95 20
        97 20
        98 20
        99 20
        100 20
        101 20
        102 20
        103 20
        104 20
        105 99
        106 20
        107 20
        108 20
        109 20
        110 20
        111 20
        112 20
        113 20
        114 20
        115 20
        116 20
        117 20
        118 20
        119 20
        120 20
        121 20
        122 20
        48 55
        49 55
        50 55
        51 55
        52 55
        53 55
        54 55
        55 55
        56 55
        57 55
        65 20
        66 20
        67 20
        68 20
        69 20
        70 20
        71 20
        72 20
        73 20
        74 20
        75 20
        76 20
        77 20
        78 20
        79 20
        80 20
        81 20
        82 20
        83 20
        84 20
        85 20
        86 20
        87 20
        88 20
        89 20
        90 20
        95 20
        97 20
        98 20
        99 20
        100 100
        101 20
        102 20
        103 20
        104 20
        105 20
        106 20
        107 20
        108 20
        109 20
        110 20
        111 20
        112 20
        113 20
        114 20
        115 20
        116 20
        117 20
        118 20
        119 20
        120 20
        121 20
        122 20
        48 55
        49 55
        50 55
        51 55
        52 55
        53 55
        54 55
        55 55
        56 55
        57 55
        65 20
        66 20
        67 20
        68 20
        69 20
        70 20
        71 20
        72 20
        73 20
        74 20
        75 20
        76 20
        77 20
        78 20
        79 20
        80 20
        81 20
        82 20
        83 20
        84 20
        85 20
        86 20
        87 20
        88 20
        89 20
        90 20
        95 20
        97 20
        98 20
        99 20
        100 20
        101 20
        102 20
        103 20
        104 20
        105 20
        106 20
        107 20
        108 101
        109 20
        110 20
        111 20
        112 20
        113 20
        114 20
        115 20
        116 20
        117 20
        118 20
        119 20
        120 20
        121 20
        122 20
        48 55
        49 55
        50 55
        51 55
        52 55
        53 55
        54 55
        55 55
        56 55
        57 55
        65 20
        66 20
        67 20
        68 20
        69 20
        70 20
        71 20
        72 20
        73 20
        74 20
        75 20
        76 20
        77 20
        78 20
        79 20
        80 20
        81 20
        82 20
        83 20
        84 20
        85 20
        86 20
        87 20
        88 20
        89 20
        90 20
        95 20
        97 20
        98 20
        99 20
        100 20
        101 20
        102 20
        103 20
        104 20
        105 20
        106 20
        107 20
        108 20
        109 20
        110 20
        111 20
        112 20
        113 20
        114 20
        115 20
        116 102
        117 20
        118 20
        119 20
        120 20
        121 20
        122 20
        9 45
        10 45
        32 45
        33 45
        34 45
        35 45
        36 45
        37 45
        38 45
        39 45
        40 45
        41 45
        42 73
        43 45
        44 45
        45 45
        46 45
        47 45
        48 45
        49 45
        50 45
        51 45
        52 45
        53 45
        54 45
        55 45
        56 45
        57 45
        58 45
        59 45
        60 45
        61 45
        62 45
        63 45
        64 45
        65 45
        66 45
        67 45
        68 45
        69 45
        70 45
        71 45
        72 45
        73 45
        74 45
        75 45
        76 45
        77 45
        78 45
        79 45
        80 45
        81 45
        82 45
        83 45
        84 45
        85 45
        86 45
        87 45
        88 45
        89 45
        90 45
        91 45
        92 45
        93 45
        94 45
        95 45
        96 45
        97 45
        98 45
        99 45
        100 45
        101 45
        102 45
        103 45
        104 45
        105 45
        106 45
        107 45
        108 45
        109 45
        110 45
        111 45
        112 45
        113 45
        114 45
        115 45
        116 45
        117 45
        118 45
        119 45
        120 45
        121 45
        122 45
        123 45
        124 45
        125 45
        126 45
        48 55
        49 55
        50 55
        51 55
        52 55
        53 55
        54 55
        55 55
        56 55
        57 55
        65 20
        66 20
        67 20
        68 20
        69 20
        70 20
        71 20
        72 20
        73 20
        74 20
        75 20
        76 20
        77 20
        78 20
        79 20
        80 20
        81 20
        82 20
        83 20
        84 20
        85 20
        86 20
        87 20
        88 20
        89 20
        90 20
        95 20
        97 20
        98 20
        99 20
        100 20
        101 103
        102 20
        103 20
        104 20
        105 20
        106 20
        107 20
        108 20
        109 20
        110 20
        111 20
        112 20
        113 20
        114 20
        115 20
        116 20
        117 20
        118 20
        119 20
        120 20
        121 20
        122 20
        48 55
        49 55
        50 55
        51 55
        52 55
        53 55
        54 55
        55 55
        56 55
        57 55
        65 20
        66 20
        67 20
        68 20
        69 20
        70 20
        71 20
        72 20
        73 20
        74 20
        75 20
        76 20
        77 20
        78 20
        79 20
        80 20
        81 20
        82 20
        83 20
        84 20
        85 20
        86 20
        87 20
        88 20
        89 20
        90 20
        95 20
        97 20
        98 20
        99 20
        100 20
        101 20
        102 20
        103 20
        104 20
        105 20
        106 20
        107 20
        108 20
        109 20
        110 20
        111 20
        112 20
        113 20
        114 20
        115 20
        116 20
        117 20
        118 20
        119 20
        120 20
        121 20
        122 20
        48 55
        49 55
        50 55
        51 55
        52 55
        53 55
        54 55
        55 55
        56 55
        57 55
        65 20
        66 20
        67 20
        68 20
        69 20
        70 20
        71 20
        72 20
        73 20
        74 20
        75 20
        76 20
        77 20
        78 20
        79 20
        80 20
        81 20
        82 20
        83 20
        84 20
        85 20
        86 20
        87 20
        88 20
        89 20
        90 20
        95 20
        97 20
        98 20
        99 20
        100 20
        101 20
        102 20
        103 20
        104 20
        105 20
        106 20
        107 20
        108 104
        109 20
        110 20
        111 20
        112 20
        113 20
        114 20
        115 20
        116 20
        117 20
        118 20
        119 20
        120 20
        121 20
        122 20
        48 55
        49 55
        50 55
        51 55
        52 55
        53 55
        54 55
        55 55
        56 55
        57 55
        65 20
        66 20
        67 20
        68 20
        69 20
        70 20
        71 20
        72 20
        73 20
        74 20
        75 20
        76 20
        77 20
        78 20
        79 20
        80 20
        81 20
        82 20
        83 20
        84 20
        85 20
        86 20
        87 20
        88 20
        89 20
        90 20
        95 20
        97 20
        98 20
        99 20
        100 20
        101 20
        102 20
        103 20
        104 20
        105 20
        106 20
        107 20
        108 20
        109 20
        110 20
        111 20
        112 20
        113 20
        114 20
        115 20
        116 20
        117 20
        118 20
        119 20
        120 20
        121 20
        122 20
        48 55
        49 55
        50 55
        51 55
        52 55
        53 55
        54 55
        55 55
        56 55
        57 55
        65 20
        66 20
        67 20
        68 20
        69 20
        70 20
        71 20
        72 20
        73 20
        74 20
        75 20
        76 20
        77 20
        78 20
        79 20
        80 20
        81 20
        82 20
        83 20
        84 20
        85 20
        86 20
        87 20
        88 20
        89 20
        90 20
        95 20
        97 20
        98 20
        99 20
        100 20
        101 20
        102 20
        103 20
        104 20
        105 20
        106 20
        107 20
        108 20
        109 20
        110 20
        111 20
        112 20
        113 20
        114 20
        115 20
        116 105
        117 20
        118 20
        119 20
        120 20
        121 20
        122 20
        40 106
        48 55
        49 55
        50 55
        51 55
        52 55
        53 55
        54 55
        55 55
        56 55
        57 55
        65 20
        66 20
        67 20
        68 20
        69 20
        70 20
        71 20
        72 20
        73 20
        74 20
        75 20
        76 20
        77 20
        78 20
        79 20
        80 20
        81 20
        82 20
        83 20
        84 20
        85 20
        86 20
        87 20
        88 20
        89 20
        90 20
        95 20
        97 20
        98 20
        99 20
        100 20
        101 20
        102 20
        103 20
        104 20
        105 20
        106 20
        107 20
        108 20
        109 20
        110 20
        111 20
        112 20
        113 20
        114 20
        115 20
        116 20
        117 20
        118 20
        119 20
        120 20
        121 20
        122 20
        48 55
        49 55
        50 55
        51 55
        52 55
        53 55
        54 55
        55 55
        56 55
        57 55
        65 20
        66 20
        67 20
        68 20
        69 20
        70 20
        71 20
        72 20
        73 20
        74 20
        75 20
        76 20
        77 20
        78 20
        79 20
        80 20
        81 20
        82 20
        83 20
        84 20
        85 20
        86 20
        87 20
        88 20
        89 20
        90 20
        95 20
        97 20
        98 20
        99 20
        100 20
        101 20
        102 20
        103 20
        104 20
        105 20
        106 20
        107 20
        108 20
        109 20
        110 20
        111 20
        112 20
        113 20
        114 20
        115 20
        116 20
        117 20
        118 20
        119 20
        120 20
        121 20
        122 20
        48 55
        49 55
        50 55
        51 55
        52 55
        53 55
        54 55
        55 55
        56 55
        57 55
        65 20
        66 20
        67 20
        68 20
        69 20
        70 20
        71 20
        72 20
        73 20
        74 20
        75 20
        76 20
        77 20
        78 20
        79 20
        80 20
        81 20
        82 20
        83 20
        84 20
        85 20
        86 20
        87 20
        88 20
        89 20
        90 20
        95 20
        97 20
        98 20
        99 20
        100 20
        101 20
        102 20
        103 20
        104 20
        105 20
        106 20
        107 20
        108 20
        109 20
        110 107
        111 20
        112 20
        113 20
        114 20
        115 20
        116 20
        117 20
        118 20
        119 20
        120 20
        121 20
        122 20
        48 55
        49 55
        50 55
        51 55
        52 55
        53 55
        54 55
        55 55
        56 55
        57 55
        65 20
        66 20
        67 20
        68 20
        69 20
        70 20
        71 20
        72 20
        73 20
        74 20
        75 20
        76 20
        77 20
        78 20
        79 20
        80 20
        81 20
        82 20
        83 20
        84 20
        85 20
        86 20
        87 20
        88 20
        89 20
        90 20
        95 20
        97 20
        98 20
        99 20
        100 20
        101 20
        102 20
        103 20
        104 20
        105 20
        106 20
        107 20
        108 20
        109 20
        110 20
        111 20
        112 20
        113 20
        114 20
        115 20
        116 20
        117 20
        118 20
        119 20
        120 20
        121 20
        122 20
        48 55
        49 55
        50 55
        51 55
        52 55
        53 55
        54 55
        55 55
        56 55
        57 55
        65 20
        66 20
        67 20
        68 20
        69 20
        70 20
        71 20
        72 20
        73 20
        74 20
        75 20
        76 20
        77 20
        78 20
        79 20
        80 20
        81 20
        82 20
        83 20
        84 20
        85 20
        86 20
        87 20
        88 20
        89 20
        90 20
        95 20
        97 20
        98 20
        99 20
        100 20
        101 108
        102 20
        103 20
        104 20
        105 20
        106 20
        107 20
        108 20
        109 20
        110 20
        111 20
        112 20
        113 20
        114 20
        115 20
        116 20
        117 20
        118 20
        119 20
        120 20
        121 20
        122 20
        48 55
        49 55
        50 55
        51 55
        52 55
        53 55
        54 55
        55 55
        56 55
        57 55
        65 20
        66 20
        67 20
        68 20
        69 20
        70 20
        71 20
        72 20
        73 20
        74 20
        75 20
        76 20
        77 20
        78 20
        79 20
        80 20
        81 20
        82 20
        83 20
        84 20
        85 20
        86 20
        87 20
        88 20
        89 20
        90 20
        95 20
        97 20
        98 20
        99 20
        100 20
        101 109
        102 20
        103 20
        104 20
        105 20
        106 20
        107 20
        108 20
        109 20
        110 20
        111 20
        112 20
        113 20
        114 20
        115 20
        116 20
        117 20
        118 20
        119 20
        120 20
        121 20
        122 20
        48 55
        49 55
        50 55
        51 55
        52 55
        53 55
        54 55
        55 55
        56 55
        57 55
        65 20
        66 20
        67 20
        68 20
        69 20
        70 20
        71 20
        72 20
        73 20
        74 20
        75 20
        76 20
        77 20
        78 20
        79 20
        80 20
        81 20
        82 20
        83 20
        84 20
        85 20
        86 20
        87 20
        88 20
        89 20
        90 20
        95 20
        97 110
        98 20
        99 20
        100 20
        101 20
        102 20
        103 20
        104 20
        105 20
        106 20
        107 20
        108 20
        109 20
        110 20
        111 20
        112 20
        113 20
        114 20
        115 20
        116 20
        117 20
        118 20
        119 20
        120 20
        121 20
        122 20
        48 55
        49 55
        50 55
        51 55
        52 55
        53 55
        54 55
        55 55
        56 55
        57 55
        65 20
        66 20
        67 20
        68 20
        69 20
        70 20
        71 20
        72 20
        73 20
        74 20
        75 20
        76 20
        77 20
        78 20
        79 20
        80 20
        81 20
        82 20
        83 20
        84 20
        85 20
        86 20
        87 20
        88 20
        89 20
        90 20
        95 20
        97 20
        98 20
        99 20
        100 20
        101 111
        102 20
        103 20
        104 20
        105 20
        106 20
        107 20
        108 20
        109 20
        110 20
        111 20
        112 20
        113 20
        114 20
        115 20
        116 20
        117 20
        118 20
        119 20
        120 20
        121 20
        122 20
        48 55
        49 55
        50 55
        51 55
        52 55
        53 55
        54 55
        55 55
        56 55
        57 55
        65 20
        66 20
        67 20
        68 20
        69 20
        70 20
        71 20
        72 20
        73 20
        74 20
        75 20
        76 20
        77 20
        78 20
        79 20
        80 20
        81 20
        82 20
        83 20
        84 20
        85 20
        86 20
        87 20
        88 20
        89 20
        90 20
        95 20
        97 20
        98 20
        99 20
        100 20
        101 20
        102 20
        103 20
        104 20
        105 20
        106 20
        107 20
        108 20
        109 20
        110 20
        111 20
        112 20
        113 20
        114 20
        115 20
        116 20
        117 20
        118 20
        119 20
        120 20
        121 20
        122 20
        41 112
        48 55
        49 55
        50 55
        51 55
        52 55
        53 55
        54 55
        55 55
        56 55
        57 55
        65 20
        66 20
        67 20
        68 20
        69 20
        70 20
        71 20
        72 20
        73 20
        74 20
        75 20
        76 20
        77 20
        78 20
        79 20
        80 20
        81 20
        82 20
        83 20
        84 20
        85 20
        86 20
        87 20
        88 20
        89 20
        90 20
        95 20
        97 20
        98 20
        99 20
        100 20
        101 20
        102 20
        103 113
        104 20
        105 20
        106 20
        107 20
        108 20
        109 20
        110 20
        111 20
        112 20
        113 20
        114 20
        115 20
        116 20
        117 20
        118 20
        119 20
        120 20
        121 20
        122 20
        48 55
        49 55
        50 55
        51 55
        52 55
        53 55
        54 55
        55 55
        56 55
        57 55
        65 20
        66 20
        67 20
        68 20
        69 20
        70 20
        71 20
        72 20
        73 20
        74 20
        75 20
        76 20
        77 20
        78 20
        79 20
        80 20
        81 20
        82 20
        83 20
        84 20
        85 20
        86 20
        87 20
        88 20
        89 20
        90 20
        95 20
        97 20
        98 20
        99 20
        100 20
        101 20
        102 20
        103 20
        104 20
        105 20
        106 20
        107 20
        108 20
        109 20
        110 20
        111 20
        112 20
        113 20
        114 20
        115 20
        116 20
        117 20
        118 20
        119 20
        120 20
        121 20
        122 20
        48 55
        49 55
        50 55
        51 55
        52 55
        53 55
        54 55
        55 55
        56 55
        57 55
        65 20
        66 20
        67 20
        68 20
        69 20
        70 20
        71 20
        72 20
        73 20
        74 20
        75 20
        76 20
        77 20
        78 20
        79 20
        80 20
        81 20
        82 20
        83 20
        84 20
        85 20
        86 20
        87 20
        88 20
        89 20
        90 20
        95 20
        97 20
        98 20
        99 20
        100 20
        101 20
        102 20
        103 20
        104 20
        105 20
        106 20
        107 20
        108 20
        109 20
        110 20
        111 20
        112 20
        113 20
        114 20
        115 20
        116 20
        117 20
        118 20
        119 20
        120 20
        121 20
        122 20
        48 55
        49 55
        50 55
        51 55
        52 55
        53 55
        54 55
        55 55
        56 55
        57 55
        65 20
        66 20
        67 20
        68 20
        69 20
        70 20
        71 20
        72 20
        73 20
        74 20
        75 20
        76 20
        77 20
        78 20
        79 20
        80 20
        81 20
        82 20
        83 20
        84 20
        85 20
        86 20
        87 20
        88 20
        89 20
        90 20
        95 20
        97 20
        98 20
        99 20
        100 20
        101 20
        102 20
        103 20
        104 20
        105 20
        106 20
        107 20
        108 20
        109 20
        110 114
        111 20
        112 20
        113 20
        114 20
        115 20
        116 20
        117 20
        118 20
        119 20
        120 20
        121 20
        122 20
        48 55
        49 55
        50 55
        51 55
        52 55
        53 55
        54 55
        55 55
        56 55
        57 55
        65 20
        66 20
        67 20
        68 20
        69 20
        70 20
        71 20
        72 20
        73 20
        74 20
        75 20
        76 20
        77 20
        78 20
        79 20
        80 20
        81 20
        82 20
        83 20
        84 20
        85 20
        86 20
        87 20
        88 20
        89 20
        90 20
        95 20
        97 20
        98 20
        99 20
        100 20
        101 20
        102 20
        103 20
        104 20
        105 20
        106 20
        107 20
        108 20
        109 20
        110 20
        111 20
        112 20
        113 20
        114 20
        115 20
        116 20
        117 20
        118 20
        119 20
        120 20
        121 20
        122 20
        48 55
        49 55
        50 55
        51 55
        52 55
        53 55
        54 55
        55 55
        56 55
        57 55
        65 20
        66 20
        67 20
        68 20
        69 20
        70 20
        71 20
        72 20
        73 20
        74 20
        75 20
        76 20
        77 20
        78 20
        79 20
        80 20
        81 20
        82 20
        83 20
        84 20
        85 20
        86 20
        87 20
        88 20
        89 20
        90 20
        95 20
        97 20
        98 20
        99 20
        100 20
        101 20
        102 20
        103 20
        104 20
        105 20
        106 20
        107 20
        108 20
        109 20
        110 20
        111 20
        112 20
        113 20
        114 20
        115 20
        116 20
        117 20
        118 20
        119 20
        120 20
        121 20
        122 20
        48 55
        49 55
        50 55
        51 55
        52 55
        53 55
        54 55
        55 55
        56 55
        57 55
        65 20
        66 20
        67 20
        68 20
        69 20
        70 20
        71 20
        72 20
        73 20
        74 20
        75 20
        76 20
        77 20
        78 20
        79 20
        80 20
        81 20
        82 20
        83 20
        84 20
        85 20
        86 20
        87 20
        88 20
        89 20
        90 20
        95 20
        97 20
        98 20
        99 20
        100 20
        101 20
        102 20
        103 20
        104 20
        105 20
        106 20
        107 20
        108 20
        109 20
        110 20
        111 20
        112 20
        113 20
        114 20
        115 20
        116 20
        117 20
        118 20
        119 20
        120 20
        121 20
        122 20